0.000000 0.000000 14.143524 0.000000 14.140747
0.028859 0.408163 14.143524 0.404002 13.857932
0.057717 0.816327 14.143524 0.799843 13.575117
0.086576 1.224490 14.143524 1.187522 13.292302
0.115435 1.632653 14.143524 1.567039 13.009488
0.144293 2.040816 14.143524 1.938395 12.726673
0.173152 2.448980 14.143524 2.301589 12.443858
0.202011 2.857143 14.143524 2.656621 12.161043
0.230869 3.265306 14.143524 3.003492 11.878228
0.259728 3.673469 14.143524 3.342201 11.595413
0.288587 4.081633 14.143524 3.672748 11.312598
0.317445 4.489796 14.143524 3.995134 11.029783
0.346304 4.897959 14.143524 4.309358 10.746968
0.375163 5.306122 14.143524 4.615420 10.464153
0.404021 5.714286 14.143524 4.913321 10.181338
0.432880 6.122449 14.143524 5.203060 9.898523
0.461739 6.530612 14.143524 5.484637 9.615708
0.490597 6.938775 14.143524 5.758053 9.332893
0.519456 7.346939 14.143524 6.023307 9.050078
0.548315 7.755102 14.143524 6.280399 8.767263
0.577173 8.163265 14.143524 6.529330 8.484448
0.606032 8.571428 14.143524 6.770099 8.201633
0.634891 8.979592 14.143524 7.002707 7.918818
0.663749 9.387755 14.143524 7.227152 7.636004
0.692608 9.795918 14.143524 7.443436 7.353189
0.721467 10.204081 14.143524 7.651559 7.070374
0.750325 10.612245 14.143524 7.851519 6.787559
0.779184 11.020408 14.143524 8.043319 6.504744
0.808043 11.428571 14.143524 8.226956 6.221929
0.836901 11.836734 14.143524 8.402432 5.939114
0.865760 12.244898 14.143524 8.569746 5.656299
0.894619 12.653061 14.143524 8.728898 5.373484
0.923477 13.061224 14.143524 8.879889 5.090669
0.952336 13.469387 14.143524 9.022718 4.807854
0.981195 13.877551 14.143524 9.157385 4.525039
1.010053 14.285714 14.143524 9.283891 4.242224
1.038912 14.693877 14.143524 9.402235 3.959409
1.067771 15.102041 14.143524 9.512418 3.676594
1.096629 15.510204 14.143524 9.614439 3.393779
1.125488 15.918367 14.143524 9.708298 3.110964
1.154347 16.326530 14.143524 9.793995 2.828149
1.183205 16.734694 14.143524 9.871531 2.545335
1.212064 17.142857 14.143524 9.940905 2.262520
1.240923 17.551020 14.143524 10.002118 1.979705
1.269781 17.959183 14.143524 10.055168 1.696890
1.298640 18.367347 14.143524 10.100058 1.414075
1.327499 18.775510 14.143524 10.136785 1.131260
1.356357 19.183673 14.143524 10.165351 0.848445
1.385216 19.591836 14.143524 10.185755 0.565630
1.414075 20.000000 14.143524 10.197997 0.282815
1.442933 20.408163 14.143524 10.202078 0.000000
1.471792 20.816326 14.143524 10.197997 -0.282815
1.500651 21.224489 14.143524 10.185755 -0.565630
1.529509 21.632653 14.143524 10.165351 -0.848445
1.558368 22.040816 14.143524 10.136785 -1.131260
1.587227 22.448979 14.143524 10.100058 -1.414075
1.616085 22.857142 14.143524 10.055168 -1.696890
1.644944 23.265306 14.143524 10.002118 -1.979705
1.673803 23.673469 14.143524 9.940905 -2.262520
1.702661 24.081632 14.143524 9.871531 -2.545335
1.731520 24.489795 14.143524 9.793995 -2.828149
1.760379 24.897959 14.143524 9.708298 -3.110964
1.789237 25.306122 14.143524 9.614439 -3.393779
1.818096 25.714285 14.143524 9.512418 -3.676594
1.846955 26.122448 14.143524 9.402235 -3.959409
1.875813 26.530612 14.143524 9.283891 -4.242224
1.904672 26.938775 14.143524 9.157385 -4.525039
1.933531 27.346938 14.143524 9.022718 -4.807854
1.962389 27.755102 14.143524 8.879889 -5.090669
1.991248 28.163265 14.143524 8.728898 -5.373484
2.020107 28.571428 14.143524 8.569746 -5.656299
2.048965 28.979591 14.143524 8.402432 -5.939114
2.077824 29.387755 14.143524 8.226956 -6.221929
2.106683 29.795918 14.143524 8.043319 -6.504744
2.135541 30.204081 14.143524 7.851519 -6.787559
2.164400 30.612244 14.143524 7.651559 -7.070374
2.193259 31.020408 14.143524 7.443436 -7.353189
2.222117 31.428571 14.143524 7.227152 -7.636004
2.250976 31.836734 14.143524 7.002707 -7.918818
2.279835 32.244897 14.143524 6.770099 -8.201633
2.308693 32.653061 14.143524 6.529330 -8.484448
2.337552 33.061224 14.143524 6.280399 -8.767263
2.366411 33.469387 14.143524 6.023307 -9.050078
2.395269 33.877550 14.143524 5.758053 -9.332893
2.424128 34.285714 14.143524 5.484637 -9.615708
2.452987 34.693877 14.143524 5.203060 -9.898523
2.481845 35.102040 14.143524 4.913321 -10.181338
2.510704 35.510203 14.143524 4.615420 -10.464153
2.539563 35.918367 14.143524 4.309358 -10.746968
2.568421 36.326530 14.143524 3.995134 -11.029783
2.597280 36.734693 14.143524 3.672748 -11.312598
2.626139 37.142856 14.143524 3.342201 -11.595413
2.654997 37.551020 14.143524 3.003492 -11.878228
2.683856 37.959183 14.143524 2.656621 -12.161043
2.712715 38.367346 14.143524 2.301589 -12.443858
2.741573 38.775509 14.143524 1.938395 -12.726673
2.770432 39.183673 14.143524 1.567039 -13.009488
2.799291 39.591836 14.143524 1.187522 -13.292302
2.828149 39.999999 14.143524 0.799843 -13.575117
2.857008 40.408162 14.143524 0.404002 -13.857932
2.885867 40.816326 14.143524 0.000000 -14.140747
